% This file contains a brief summary of the land-surface average results 
% produced by the Berkeley Averaging method.  Temperatures are in 
% Celsius and reported as anomalies relative to the Jan 1951-Dec 1980
% average. Uncertainties represent the 95% confidence interval for 
% statistical and spatial undersampling effects.
% 
% The current dataset presented here is described as: 
% 
%   Estimated Global Land-Surface TAVG based on the Complete Berkeley Dataset
% 
% 
% This analysis was run on 15-Feb-2019 05:32:39
% 
% Results are based on 45993 time series 
%   with 18957585 data points
% 
% Estimated Jan 1951-Dec 1980 absolute temperature (C): 8.64 +/- 0.10
% 
% 
% 
% Year, Annual Anomaly, Annual Unc., Five-year Anomaly, Five-year Unc.
 
  1750      -1.032          NaN              NaN             NaN
  1752       0.123          NaN              NaN             NaN
  1753      -0.302        1.135              NaN             NaN
  1754       0.078        1.376           -0.016             NaN
  1755      -0.084        1.162            0.026           0.857
  1756       0.104        1.853           -0.316           0.967
  1757       0.333        1.148           -0.493           1.376
  1758      -2.011        1.869           -0.841           1.611
  1759      -0.806        2.274           -0.885           1.558
  1760      -1.827        1.807           -1.008           1.775
  1761      -0.115        1.568           -0.853           1.960
  1762      -0.281        1.983           -0.839           1.821
  1763      -1.238        2.802           -0.609           1.569
  1764      -0.733        1.636           -0.679           1.390
  1765      -0.680        0.993           -0.742           1.144
  1766      -0.463        1.577           -0.911           0.853
  1767      -0.598        1.317           -1.029           0.791
  1768      -2.081        1.192           -1.155           0.848
  1769      -1.325        1.257           -1.303           0.885
  1770      -1.307        1.299           -1.338           0.820
  1771      -1.202        1.017           -1.025           0.822
  1772      -0.776        0.916           -0.763           0.805
  1773      -0.516        1.259           -0.470           0.716
  1774      -0.013        2.023           -0.381           0.689
  1775       0.158        0.936           -0.353           0.877
  1776      -0.760        1.333           -0.302           0.978
  1777      -0.636        1.652           -0.286           1.257
  1778      -0.259        1.757           -0.227           1.034
  1779       0.068        1.982           -0.178           0.961
  1780       0.453        2.564           -0.202           0.705
  1781      -0.515        1.081           -0.329           0.661
  1782      -0.755        1.196           -0.507           0.683
  1783      -0.895        0.762           -0.820           0.381
  1784      -0.823        1.324           -0.775           0.493
  1785      -1.112        0.948           -0.745           0.665
  1786      -0.291        1.195           -0.606           0.769
  1787      -0.601        0.963           -0.484           0.599
  1788      -0.203        0.823           -0.378           0.472
  1789      -0.212        0.563           -0.408           0.364
  1790      -0.582        0.593           -0.386           0.305
  1791      -0.442        0.644           -0.412           0.370
  1792      -0.492        0.616           -0.358           0.531
  1793      -0.333        1.126           -0.211           0.636
  1794       0.058        1.470           -0.181           0.719
  1795       0.153        0.795           -0.075           0.813
  1796      -0.293        0.805           -0.032           0.728
  1797       0.041        0.824           -0.125           0.546
  1798      -0.118        0.755           -0.210           0.497
  1799      -0.411        0.754           -0.135           0.486
  1800      -0.269        0.575           -0.141           0.455
  1801       0.079        0.777           -0.124           0.513
  1802       0.011        0.605            0.004           0.556
  1803      -0.030        0.917            0.067           0.565
  1804       0.227        0.735            0.019           0.597
  1805       0.050        0.741           -0.048           0.669
  1806      -0.161        0.955           -0.221           0.658
  1807      -0.327        0.832           -0.543           0.688
  1808      -0.895        0.992           -0.842           0.728
  1809      -1.383        1.020           -1.094           0.689
  1810      -1.446        0.873           -1.311           0.672
  1811      -1.418        0.903           -1.295           0.640
  1812      -1.414        0.973           -1.193           0.602
  1813      -0.813        1.001           -1.164           0.579
  1814      -0.873        1.114           -1.197           0.598
  1815      -1.305        0.784           -1.209           0.703
  1816      -1.580        0.865           -1.183           0.691
  1817      -1.476        0.944           -1.234           0.742
  1818      -0.681        1.380           -1.132           0.775
  1819      -1.127        0.791           -0.934           0.729
  1820      -0.796        0.852           -0.745           0.610
  1821      -0.590        0.672           -0.794           0.508
  1822      -0.534        0.546           -0.589           0.442
  1823      -0.922        0.612           -0.492           0.427
  1824      -0.107        0.498           -0.404           0.423
  1825      -0.309        0.636           -0.253           0.449
  1826      -0.147        0.607           -0.162           0.490
  1827       0.221        0.679           -0.288           0.564
  1828      -0.468        0.678           -0.247           0.651
  1829      -0.737        0.813           -0.420           0.735
  1830      -0.105        1.056           -0.701           0.736
  1831      -1.012        1.011           -0.724           0.774
  1832      -1.183        0.675           -0.673           0.664
  1833      -0.584        0.816           -0.900           0.533
  1834      -0.481        0.461           -0.910           0.391
  1835      -1.239        0.538           -0.941           0.355
  1836      -1.061        0.464           -1.062           0.369
  1837      -1.337        0.493           -1.157           0.424
  1838      -1.190        0.712           -1.088           0.413
  1839      -0.957        0.668           -1.087           0.405
  1840      -0.897        0.409           -0.957           0.378
  1841      -1.055        0.505           -0.829           0.339
  1842      -0.689        0.403           -0.853           0.273
  1843      -0.548        0.374           -0.854           0.274
  1844      -1.075        0.382           -0.679           0.297
  1845      -0.902        0.398           -0.682           0.298
  1846      -0.181        0.616           -0.737           0.305
  1847      -0.704        0.350           -0.688           0.318
  1848      -0.824        0.409           -0.702           0.305
  1849      -0.828        0.412           -0.797           0.276
  1850      -0.975        0.311           -0.811           0.332
  1851      -0.657        0.484           -0.799           0.316
  1852      -0.769        0.509           -0.748           0.293
  1853      -0.766        0.311           -0.681           0.273
  1854      -0.571        0.313           -0.701           0.227
  1855      -0.640        0.310           -0.758           0.189
  1856      -0.760        0.272           -0.738           0.175
  1857      -1.051        0.311           -0.723           0.160
  1858      -0.667        0.237           -0.756           0.189
  1859      -0.496        0.226           -0.785           0.231
  1860      -0.806        0.453           -0.825           0.260
  1861      -0.907        0.413           -0.809           0.285
  1862      -1.252        0.421           -0.862           0.294
  1863      -0.584        0.387           -0.809           0.274
  1864      -0.763        0.284           -0.718           0.248
  1865      -0.539        0.345           -0.527           0.219
  1866      -0.452        0.317           -0.513           0.185
  1867      -0.296        0.274           -0.422           0.186
  1868      -0.516        0.216           -0.423           0.145
  1869      -0.307        0.231           -0.455           0.116
  1870      -0.544        0.240           -0.503           0.117
  1871      -0.613        0.219           -0.475           0.117
  1872      -0.533        0.212           -0.471           0.114
  1873      -0.379        0.221           -0.521           0.115
  1874      -0.284        0.220           -0.514           0.115
  1875      -0.796        0.168           -0.440           0.132
  1876      -0.580        0.173           -0.328           0.135
  1877      -0.158        0.213           -0.372           0.132
  1878       0.181        0.183           -0.331           0.131
  1879      -0.505        0.173           -0.294           0.124
  1880      -0.596        0.192           -0.372           0.115
  1881      -0.393        0.184           -0.539           0.123
  1882      -0.549        0.167           -0.609           0.132
  1883      -0.653        0.171           -0.632           0.130
  1884      -0.853        0.183           -0.698           0.140
  1885      -0.711        0.179           -0.739           0.144
  1886      -0.724        0.235           -0.721           0.141
  1887      -0.753        0.176           -0.618           0.150
  1888      -0.566        0.131           -0.615           0.156
  1889      -0.336        0.203           -0.599           0.133
  1890      -0.696        0.192           -0.567           0.133
  1891      -0.645        0.127           -0.577           0.127
  1892      -0.592        0.178           -0.612           0.100
  1893      -0.617        0.107           -0.573           0.092
  1894      -0.512        0.097           -0.534           0.090
  1895      -0.501        0.142           -0.488           0.084
  1896      -0.450        0.117           -0.457           0.085
  1897      -0.358        0.133           -0.405           0.094
  1898      -0.463        0.122           -0.332           0.097
  1899      -0.255        0.132           -0.268           0.102
  1900      -0.135        0.154           -0.269           0.103
  1901      -0.131        0.154           -0.261           0.107
  1902      -0.362        0.126           -0.324           0.102
  1903      -0.424        0.128           -0.378           0.093
  1904      -0.568        0.098           -0.404           0.081
  1905      -0.406        0.108           -0.470           0.068
  1906      -0.260        0.106           -0.477           0.060
  1907      -0.694        0.081           -0.455           0.056
  1908      -0.457        0.098           -0.458           0.052
  1909      -0.456        0.083           -0.500           0.052
  1910      -0.423        0.093           -0.459           0.059
  1911      -0.469        0.110           -0.435           0.062
  1912      -0.488        0.103           -0.351           0.068
  1913      -0.336        0.108           -0.276           0.077
  1914      -0.037        0.097           -0.264           0.078
  1915      -0.049        0.108           -0.291           0.081
  1916      -0.412        0.109           -0.327           0.080
  1917      -0.621        0.122           -0.372           0.080
  1918      -0.518        0.113           -0.421           0.078
  1919      -0.260        0.100           -0.354           0.077
  1920      -0.292        0.104           -0.281           0.075
  1921      -0.078        0.102           -0.226           0.076
  1922      -0.258        0.111           -0.207           0.079
  1923      -0.242        0.109           -0.177           0.081
  1924      -0.163        0.113           -0.153           0.080
  1925      -0.144        0.112           -0.135           0.079
  1926       0.044        0.098           -0.096           0.078
  1927      -0.169        0.104           -0.151           0.073
  1928      -0.047        0.099           -0.136           0.067
  1929      -0.440        0.092           -0.139           0.067
  1930      -0.067        0.088           -0.104           0.066
  1931       0.026        0.096           -0.166           0.064
  1932       0.006        0.102           -0.092           0.065
  1933      -0.356        0.096           -0.114           0.066
  1934      -0.068        0.095           -0.148           0.064
  1935      -0.178        0.087           -0.147           0.065
  1936      -0.143        0.094           -0.040           0.065
  1937       0.008        0.104           -0.011           0.067
  1938       0.183        0.094            0.041           0.068
  1939       0.078        0.100            0.087           0.068
  1940       0.077        0.092            0.095           0.065
  1941       0.087        0.095            0.073           0.060
  1942       0.051        0.088            0.091           0.057
  1943       0.075        0.082            0.057           0.055
  1944       0.167        0.083            0.042           0.051
  1945      -0.095        0.083            0.058           0.049
  1946       0.012        0.080            0.058           0.049
  1947       0.132        0.079            0.007           0.045
  1948       0.073        0.077           -0.033           0.043
  1949      -0.086        0.073           -0.044           0.041
  1950      -0.296        0.063           -0.074           0.040
  1951      -0.041        0.062           -0.046           0.040
  1952      -0.019        0.076           -0.050           0.042
  1953       0.213        0.078            0.002           0.041
  1954      -0.106        0.069           -0.066           0.039
  1955      -0.039        0.052           -0.050           0.042
  1956      -0.379        0.052           -0.070           0.040
  1957       0.063        0.087           -0.035           0.036
  1958       0.110        0.048           -0.043           0.036
  1959       0.070        0.026            0.060           0.030
  1960      -0.081        0.045            0.064           0.032
  1961       0.140        0.026            0.081           0.030
  1962       0.080        0.076            0.016           0.035
  1963       0.197        0.039            0.007           0.034
  1964      -0.254        0.031           -0.033           0.030
  1965      -0.129        0.040           -0.042           0.019
  1966      -0.060        0.032           -0.113           0.020
  1967       0.035        0.022           -0.077           0.018
  1968      -0.159        0.033           -0.042           0.016
  1969      -0.070        0.024           -0.040           0.015
  1970       0.046        0.033           -0.077           0.018
  1971      -0.053        0.028            0.015           0.021
  1972      -0.151        0.035           -0.008           0.027
  1973       0.303        0.024            0.001           0.026
  1974      -0.184        0.041           -0.047           0.020
  1975       0.091        0.030            0.025           0.019
  1976      -0.296        0.041           -0.026           0.019
  1977       0.213        0.031            0.027           0.019
  1978       0.048        0.038            0.075           0.020
  1979       0.080        0.040            0.237           0.017
  1980       0.332        0.039            0.195           0.020
  1981       0.512        0.016            0.264           0.014
  1982       0.003        0.031            0.258           0.014
  1983       0.394        0.029            0.196           0.013
  1984       0.048        0.014            0.134           0.014
  1985       0.022        0.031            0.205           0.011
  1986       0.200        0.040            0.240           0.018
  1987       0.359        0.022            0.289           0.018
  1988       0.570        0.032            0.404           0.021
  1989       0.292        0.020            0.476           0.023
  1990       0.600        0.028            0.444           0.022
  1991       0.561        0.033            0.378           0.020
  1992       0.197        0.027            0.401           0.020
  1993       0.240        0.030            0.423           0.023
  1994       0.405        0.027            0.391           0.023
  1995       0.711        0.038            0.464           0.023
  1996       0.400        0.030            0.596           0.021
  1997       0.563        0.019            0.646           0.023
  1998       0.901        0.020            0.618           0.023
  1999       0.653        0.033            0.696           0.023
  2000       0.575        0.035            0.771           0.024
  2001       0.789        0.030            0.770           0.027
  2002       0.939        0.025            0.777           0.026
  2003       0.893        0.030            0.877           0.024
  2004       0.691        0.029            0.900           0.022
  2005       1.073        0.026            0.936           0.026
  2006       0.906        0.027            0.921           0.034
  2007       1.116        0.037            0.962           0.035
  2008       0.817        0.069            0.963           0.038
  2009       0.899        0.034            0.962           0.041
  2010       1.075        0.044            0.916           0.040
  2011       0.904        0.044            0.951           0.035
  2012       0.886        0.031            0.960           0.034
  2013       0.992        0.041            0.985           0.032
  2014       0.941        0.032            1.083           0.028
  2015       1.199        0.032            1.162           0.032
  2016       1.398        0.027            1.191           0.033
  2017       1.278        0.047              NaN             NaN
  2018       1.136        0.038              NaN             NaN
